# This file may be used to create an environment using:
# $ conda create --name <env> --file <this file>
# platform: win-64
altgraph=0.17=pyhd3eb1b0_0
bzip2=1.0.8=he774522_0
ca-certificates=2023.05.30=haa95532_0
cairo=1.16.0=haedb8bc_5
certifi=2023.7.22=py310haa95532_0
double-conversion=3.3.0=h63175ca_0
expat=2.5.0=h63175ca_1
fontconfig=2.14.2=hbde0cde_0
freetype=2.12.1=ha860e81_0
future=0.18.3=py310haa95532_0
gettext=0.21.1=h5728263_0
glib=2.76.4=h12be248_0
glib-tools=2.76.4=h12be248_0
graphite2=1.3.14=hd77b12b_1
harfbuzz=7.3.0=h196d34a_0
icu=72.1=h63175ca_0
krb5=1.21.1=heb0366b_0
lerc=4.0.0=h63175ca_0
libclang=16.0.6=default_heb8d277_1
libclang13=16.0.6=default_hc80b9e7_1
libdeflate=1.18=hcfcfb64_0
libexpat=2.5.0=h63175ca_1
libffi=3.4.4=hd77b12b_0
libglib=2.76.4=he8f3873_0
libiconv=1.17=h8ffe710_0
libjpeg-turbo=2.1.5.1=hcfcfb64_0
libpng=1.6.39=h8cc25b3_0
libsqlite=3.42.0=hcfcfb64_0
libtiff=4.5.1=h6c8260b_0
libwebp-base=1.3.1=hcfcfb64_0
libxml2=2.11.4=hc3477c8_0
libxslt=1.1.37=h6070c61_1
libzlib=1.2.13=hcfcfb64_5
lz4-c=1.9.4=h2bbff1b_0
macholib=1.14=pyhd3eb1b0_1
openssl=3.1.1=hcfcfb64_1
pcre2=10.40=h17e33f8_0
pefile=2019.4.18=py_0
pip=23.1.2=py310haa95532_0
pixman=0.40.0=h2bbff1b_1
psutil=5.9.0=py310h2bbff1b_0
pycryptodome=3.15.0=py310h2bbff1b_0
pyinstaller=4.8=py310h8cc25b3_0
pyside6=6.5.1.1=py310hd741ceb_0
python=3.10.12=he1021f5_0
python_abi=3.10=2_cp310
pywin32=305=py310h2bbff1b_0
pywin32-ctypes=0.2.0=py310haa95532_1000
qt6-main=6.5.2=h577db66_0
setuptools=68.0.0=pyhd8ed1ab_0
sqlite=3.41.2=h2bbff1b_0
tk=8.6.12=h2bbff1b_0
tzdata=2023c=h04d1e81_0
ucrt=10.0.20348.0=haa95532_0
vc=14.2=h21ff451_1
vc14_runtime=14.36.32532=hfdfe4a8_17
vs2015_runtime=14.36.32532=h05e6639_17
wheel=0.37.1=pyhd3eb1b0_0
xz=5.4.2=h8cc25b3_0
zlib=1.2.13=hcfcfb64_5
zstd=1.5.5=hd43e919_0
